300,0.01
310,0.01
320,0.01
330,0.01
340,0.01
350,0.01
360,0.01
370,0.01
380,0.01
390,0.01
400,0.01
410,0.01
420,0.01
430,0.01
440,0.01
450,0.01
460,0.01
470,0.01
480,0.01
490,0.01
500,0.01
510,0.01
520,0.01
530,0.01
540,0.01
550,0.01
560,0.01
570,0.01
580,0.01
590,0.01
600,0.01
610,0.01
620,0.01
630,0.01
640,0.01
650,0.01
660,0.01
670,0.01
680,0.01
690,0.01
700,0.01
710,0.01
720,0.01
730,0.01
740,0.01
750,0.01
760,0.01
770,0.01
780,0.01
790,0.01
800,0.01
810,0.01
820,0.01
830,0.01
840,0.01
850,0.01
860,0.01
870,0.01
880,0.01
890,0.01
900,0.01
910,0.01
920,0.01
930,0.01
940,0.01
950,0.01
960,0.01
970,0.01
980,0.01
990,0.01
1000,0.01
1010,0.01
1020,0.01
1030,0.01
1040,0.01
1050,0.01
1060,0.01
1070,0.01
1080,0.01
1090,0.01
1100,0.01
1110,0.01
1120,0.01
1130,0.01
1140,0.01
1150,0.01
1160,0.01
1170,0.01
1180,0.01
1190,0.01
1200,0.01
1210,0.01
1220,0.01
1230,0.01
1240,0.01
1250,0.01
1260,0.01
1270,0.01
1280,0.01
1290,0.01
1300,0.01
1310,0.01
1320,0.01
1330,0.01
1340,0.01
1350,0.01
1360,0.01
1370,0.01
1380,0.01
1390,0.01
1400,0.01
1410,0.01
1420,0.01
1430,0.01
1440,0.01
1450,0.01
1460,0.01
1470,0.01
1480,0.01
1490,0.01
1500,0.01
1510,0.01
1520,0.01
1530,0.01
1540,0.01
1550,0.01
1560,0.01
1570,0.01
1580,0.01
1590,0.01
1600,0.01
1610,0.01
1620,0.01
1630,0.01
1640,0.01
1650,0.01
1660,0.01
1670,0.01
1680,0.01
1690,0.01
1700,0.01
1710,0.01
1720,0.01
1730,0.01
1740,0.01
1750,0.01
1760,0.01
1770,0.01
1780,0.01
1790,0.01
1800,0.01
1810,0.01
1820,0.01
1830,0.01
1840,0.01
1850,0.01
1860,0.01
1870,0.01
1880,0.01
1890,0.01
1900,0.01
1910,0.01
1920,0.01
1930,0.01
1940,0.01
1950,0.01
1960,0.01
1970,0.01
1980,0.01
1990,0.01
2000,0.01
2010,0.01
2020,0.01
2030,0.01
2040,0.01
2050,0.01
2060,0.01
2070,0.01
2080,0.01
2090,0.01
2100,0.01
2110,0.01
2120,0.01
2130,0.01
2140,0.01
2150,0.01
2160,0.01
2170,0.01
2180,0.01
2190,0.01
2200,0.01
2210,0.01
2220,0.01
2230,0.01
2240,0.01
2250,0.01
2260,0.01
2270,0.01
2280,0.01
2290,0.01
2300,0.01
2310,0.01
2320,0.01
2330,0.01
2340,0.01
2350,0.01
2360,0.01
2370,0.01
2380,0.01
2390,0.01
2400,0.01
2410,0.01
2420,0.01
2430,0.01
2440,0.01
2450,0.01
2460,0.01
2470,0.01
2480,0.01
2490,0.01
2500,0.01
2510,0.01
2520,0.01
2530,0.01
2540,0.01
2550,0.01
2560,0.01
2570,0.01
2580,0.01
2590,0.01
2600,0.01
2610,0.01
2620,0.01
2630,0.01
2640,0.01
2650,0.01
2660,0.01
2670,0.01
2680,0.01
2690,0.01
2700,0.01
2710,0.01
2720,0.01
2730,0.01
2740,0.01
2750,0.01
2760,0.01
2770,0.01
2780,0.01
2790,0.01
2800,0.01
2810,0.01
2820,0.01
2830,0.01
2840,0.01
2850,0.01
2860,0.01
2870,0.01
2880,0.01
2890,0.01
2900,0.01
2910,0.01
2920,0.01
2930,0.01
2940,0.01
2950,0.01
2960,0.01
2970,0.01
380,0.022
390,0.022
400,0.022
410,0.022
420,0.022
430,0.022
440,0.022
450,0.022
460,0.022
470,0.022
480,0.022
490,0.022
500,0.022
510,0.022
520,0.022
530,0.022
540,0.022
550,0.022
560,0.022
570,0.022
580,0.022
590,0.022
600,0.022
610,0.022
620,0.022
630,0.022
640,0.022
650,0.022
660,0.022
670,0.022
680,0.022
690,0.022
700,0.022
710,0.022
720,0.022
730,0.022
740,0.022
750,0.022
760,0.022
770,0.022
780,0.022
790,0.022
800,0.022
810,0.022
820,0.022
830,0.022
840,0.022
850,0.022
860,0.022
870,0.022
880,0.022
890,0.022
900,0.022
910,0.022
920,0.022
930,0.022
940,0.022
950,0.022
960,0.022
970,0.022
980,0.022
990,0.022
1000,0.022
1010,0.022
1020,0.022
1030,0.022
1040,0.022
1050,0.022
1060,0.022
1070,0.022
1080,0.022
1090,0.022
1100,0.022
1110,0.022
1120,0.022
1130,0.022
1140,0.022
1150,0.022
1160,0.022
1170,0.022
1180,0.022
1190,0.022
1200,0.022
1210,0.022
1220,0.022
1230,0.022
1240,0.022
1250,0.022
1260,0.022
1270,0.022
1280,0.022
1290,0.022
1300,0.022
1310,0.022
1320,0.022
1330,0.022
1340,0.022
1350,0.022
1360,0.022
1370,0.022
1380,0.022
1390,0.022
1400,0.022
1410,0.022
1420,0.022
1430,0.022
1440,0.022
1450,0.022
1460,0.022
1470,0.022
1480,0.022
1490,0.022
1500,0.022
1510,0.022
1520,0.022
1530,0.022
1540,0.022
1550,0.022
1560,0.022
1570,0.022
1580,0.022
1590,0.022
1600,0.022
1610,0.022
1620,0.022
1630,0.022
1640,0.022
1650,0.022
1660,0.022
1670,0.022
1680,0.022
1690,0.022
1700,0.022
1710,0.022
1720,0.022
1730,0.022
1740,0.022
1750,0.022
1760,0.022
1770,0.022
1780,0.022
1790,0.022
1800,0.022
1810,0.022
1820,0.022
1830,0.022
1840,0.022
1850,0.022
1860,0.022
1870,0.022
1880,0.022
1890,0.022
1900,0.022
1910,0.022
1920,0.022
1930,0.022
1940,0.022
1950,0.022
1960,0.022
1970,0.022
1980,0.022
1990,0.022
2000,0.022
2010,0.022
2020,0.022
2030,0.022
2040,0.022
2050,0.022
2060,0.022
2070,0.022
2080,0.022
2090,0.022
2100,0.022
2110,0.022
2120,0.022
2130,0.022
2140,0.022
2150,0.022
2160,0.022
2170,0.022
2180,0.022
2190,0.022
2200,0.022
2210,0.022
2220,0.022
2230,0.022
2240,0.022
2250,0.022
2260,0.022
2270,0.022
2280,0.022
2290,0.022
2300,0.022
2310,0.022
2320,0.022
2330,0.022
2340,0.022
2350,0.022
2360,0.022
2370,0.022
2380,0.022
2390,0.022
2400,0.022
2410,0.022
2420,0.022
2430,0.022
2440,0.022
2450,0.022
2460,0.022
2470,0.022
2480,0.022
2490,0.022
2500,0.022
2510,0.022
2520,0.022
2530,0.022
2540,0.022
2550,0.022
2560,0.022
2570,0.022
2580,0.022
2590,0.022
2600,0.022
2610,0.022
2620,0.022
2630,0.022
2640,0.022
2650,0.022
2660,0.022
2670,0.022
2680,0.022
2690,0.022
2700,0.022
2710,0.022
2720,0.022
2730,0.022
2740,0.022
2750,0.022
2760,0.022
2770,0.022
2780,0.022
2790,0.022
2800,0.022
2810,0.022
2820,0.022
2830,0.022
2840,0.022
2850,0.022
2860,0.022
2870,0.022
2880,0.022
2890,0.022
2900,0.022
2910,0.022
2920,0.022
2930,0.022
2940,0.022
2950,0.022
2960,0.022
2970,0.022
410,0.023
420,0.023
430,0.023
440,0.023
450,0.023
460,0.023
470,0.023
480,0.023
490,0.023
500,0.023
510,0.023
520,0.023
530,0.023
540,0.023
550,0.023
560,0.023
570,0.023
580,0.023
590,0.023
600,0.023
610,0.023
620,0.023
630,0.023
640,0.023
650,0.023
660,0.023
670,0.023
680,0.023
690,0.023
700,0.023
710,0.023
720,0.023
730,0.023
740,0.023
750,0.023
760,0.023
770,0.023
780,0.023
790,0.023
800,0.023
810,0.023
820,0.023
830,0.023
840,0.023
850,0.023
860,0.023
870,0.023
880,0.023
890,0.023
900,0.023
910,0.023
920,0.023
930,0.023
940,0.023
950,0.023
960,0.023
970,0.023
980,0.023
990,0.023
1000,0.023
1010,0.023
1020,0.023
1030,0.023
1040,0.023
1050,0.023
1060,0.023
1070,0.023
1080,0.023
1090,0.023
1100,0.023
1110,0.023
1120,0.023
1130,0.023
1140,0.023
1150,0.023
1160,0.023
1170,0.023
1180,0.023
1190,0.023
1200,0.023
1210,0.023
1220,0.023
1230,0.023
1240,0.023
1250,0.023
1260,0.023
1270,0.023
1280,0.023
1290,0.023
1300,0.023
1310,0.023
1320,0.023
1330,0.023
1340,0.023
1350,0.023
1360,0.023
1370,0.023
1380,0.023
1390,0.023
1400,0.023
1410,0.023
1420,0.023
1430,0.023
1440,0.023
1450,0.023
1460,0.023
1470,0.023
1480,0.023
1490,0.023
1500,0.023
1510,0.023
1520,0.023
1530,0.023
1540,0.023
1550,0.023
1560,0.023
1570,0.023
1580,0.023
1590,0.023
1600,0.023
1610,0.023
1620,0.023
1630,0.023
1640,0.023
1650,0.023
1660,0.023
1670,0.023
1680,0.023
1690,0.023
1700,0.023
1710,0.023
1720,0.023
1730,0.023
1740,0.023
1750,0.023
1760,0.023
1770,0.023
1780,0.023
1790,0.023
1800,0.023
1810,0.023
1820,0.023
1830,0.023
1840,0.023
1850,0.023
1860,0.023
1870,0.023
1880,0.023
1890,0.023
1900,0.023
1910,0.023
1920,0.023
1930,0.023
1940,0.023
1950,0.023
1960,0.023
1970,0.023
1980,0.023
1990,0.023
2000,0.023
2010,0.023
2020,0.023
2030,0.023
2040,0.023
2050,0.023
2060,0.023
2070,0.023
2080,0.023
2090,0.023
2100,0.023
2110,0.023
2120,0.023
2130,0.023
2140,0.023
2150,0.023
2160,0.023
2170,0.023
2180,0.023
2190,0.023
2200,0.023
2210,0.023
2220,0.023
2230,0.023
2240,0.023
2250,0.023
2260,0.023
2270,0.023
2280,0.023
2290,0.023
2300,0.023
2310,0.023
2320,0.023
2330,0.023
2340,0.023
2350,0.023
2360,0.023
2370,0.023
2380,0.023
2390,0.023
2400,0.023
2410,0.023
2420,0.023
2430,0.023
2440,0.023
2450,0.023
2460,0.023
2470,0.023
2480,0.023
2490,0.023
2500,0.023
2510,0.023
2520,0.023
2530,0.023
2540,0.023
2550,0.023
2560,0.023
2570,0.023
2580,0.023
2590,0.023
2600,0.023
2610,0.023
2620,0.023
2630,0.023
2640,0.023
2650,0.023
2660,0.023
2670,0.023
2680,0.023
2690,0.023
2700,0.023
2710,0.023
2720,0.023
2730,0.023
2740,0.023
2750,0.023
2760,0.023
2770,0.023
2780,0.023
2790,0.023
2800,0.023
2810,0.023
2820,0.023
2830,0.023
2840,0.023
2850,0.023
2860,0.023
2870,0.023
2880,0.023
2890,0.023
2900,0.023
2910,0.023
2920,0.023
2930,0.023
2940,0.023
2950,0.023
370,0.024
380,0.024
390,0.024
400,0.024
410,0.024
420,0.024
430,0.024
440,0.024
450,0.024
460,0.024
470,0.024
480,0.024
490,0.024
500,0.024
510,0.024
520,0.024
530,0.024
540,0.024
550,0.024
560,0.024
570,0.024
580,0.024
590,0.024
600,0.024
610,0.024
620,0.024
630,0.024
640,0.024
650,0.024
660,0.024
670,0.024
680,0.024
690,0.024
700,0.024
710,0.024
720,0.024
730,0.024
740,0.024
750,0.024
760,0.024
770,0.024
780,0.024
790,0.024
800,0.024
810,0.024
820,0.024
830,0.024
840,0.024
850,0.024
860,0.024
870,0.024
880,0.024
890,0.024
900,0.024
910,0.024
920,0.024
930,0.024
940,0.024
950,0.024
960,0.024
970,0.024
980,0.024
990,0.024
1000,0.024
1010,0.024
1020,0.024
1030,0.024
1040,0.024
1050,0.024
1060,0.024
1070,0.024
1080,0.024
1090,0.024
1100,0.024
1110,0.024
1120,0.024
1130,0.024
1140,0.024
1150,0.024
1160,0.024
1170,0.024
1180,0.024
1190,0.024
1200,0.024
1210,0.024
1220,0.024
1230,0.024
1240,0.024
1250,0.024
1260,0.024
1270,0.024
1280,0.024
1290,0.024
1300,0.024
1310,0.024
1320,0.024
1330,0.024
1340,0.024
1350,0.024
1360,0.024
1370,0.024
1380,0.024
1390,0.024
1400,0.024
1410,0.024
1420,0.024
1430,0.024
1440,0.024
1450,0.024
1460,0.024
1470,0.024
1480,0.024
1490,0.024
1500,0.024
1510,0.024
1520,0.024
1530,0.024
1540,0.024
1550,0.024
1560,0.024
1570,0.024
1580,0.024
1590,0.024
1600,0.024
1610,0.024
1620,0.024
1630,0.024
1640,0.024
1650,0.024
1660,0.024
1670,0.024
1680,0.024
1690,0.024
1700,0.024
1710,0.024
1720,0.024
1730,0.024
1740,0.024
1750,0.024
1760,0.024
1770,0.024
1780,0.024
1790,0.024
1800,0.024
1810,0.024
1820,0.024
1830,0.024
1840,0.024
1850,0.024
1860,0.024
1870,0.024
1880,0.024
1890,0.024
1900,0.024
1910,0.024
1920,0.024
1930,0.024
1940,0.024
1950,0.024
1960,0.024
1970,0.024
1980,0.024
1990,0.024
2000,0.024
2010,0.024
2020,0.024
2030,0.024
2040,0.024
2050,0.024
2060,0.024
2070,0.024
2080,0.024
2090,0.024
2100,0.024
2110,0.024
2120,0.024
2130,0.024
2140,0.024
2150,0.024
2160,0.024
2170,0.024
2180,0.024
2190,0.024
2200,0.024
2210,0.024
2220,0.024
2230,0.024
2240,0.024
2250,0.024
2260,0.024
2270,0.024
2280,0.024
2290,0.024
2300,0.024
2310,0.024
2320,0.024
2330,0.024
2340,0.024
2350,0.024
2360,0.024
2370,0.024
2380,0.024
2390,0.024
2400,0.024
2410,0.024
2420,0.024
2430,0.024
2440,0.024
2450,0.024
2460,0.024
2470,0.024
2480,0.024
2490,0.024
2500,0.024
2510,0.024
2520,0.024
2530,0.024
2540,0.024
2550,0.024
2560,0.024
2570,0.024
2580,0.024
2590,0.024
2600,0.024
2610,0.024
2620,0.024
2630,0.024
2640,0.024
2650,0.024
2660,0.024
2670,0.024
2680,0.024
2690,0.024
2700,0.024
2710,0.024
2720,0.024
2730,0.024
2740,0.024
2750,0.024
2760,0.024
2770,0.024
2780,0.024
2790,0.024
2800,0.024
2810,0.024
2820,0.024
2830,0.024
2840,0.024
2850,0.024
2860,0.024
2870,0.024
2880,0.024
2890,0.024
2900,0.024
2910,0.024
2920,0.024
2930,0.024
400,0.025
410,0.025
420,0.025
430,0.025
440,0.025
450,0.025
460,0.025
470,0.025
480,0.025
490,0.025
500,0.025
510,0.025
520,0.025
530,0.025
540,0.025
550,0.025
560,0.025
570,0.025
580,0.025
590,0.025
600,0.025
610,0.025
620,0.025
630,0.025
640,0.025
650,0.025
660,0.025
670,0.025
680,0.025
690,0.025
700,0.025
710,0.025
720,0.025
730,0.025
740,0.025
750,0.025
760,0.025
770,0.025
780,0.025
790,0.025
800,0.025
810,0.025
820,0.025
830,0.025
840,0.025
850,0.025
860,0.025
870,0.025
880,0.025
890,0.025
900,0.025
910,0.025
920,0.025
930,0.025
940,0.025
950,0.025
960,0.025
970,0.025
980,0.025
990,0.025
1000,0.025
1010,0.025
1020,0.025
1030,0.025
1040,0.025
1050,0.025
1060,0.025
1070,0.025
1080,0.025
1090,0.025
1100,0.025
1110,0.025
1120,0.025
1130,0.025
1140,0.025
1150,0.025
1160,0.025
1170,0.025
1180,0.025
1190,0.025
1200,0.025
1210,0.025
1220,0.025
1230,0.025
1240,0.025
1250,0.025
1260,0.025
1270,0.025
1280,0.025
1290,0.025
1300,0.025
1310,0.025
1320,0.025
1330,0.025
1340,0.025
1350,0.025
1360,0.025
1370,0.025
1380,0.025
1390,0.025
1400,0.025
1410,0.025
1420,0.025
1430,0.025
1440,0.025
1450,0.025
1460,0.025
1470,0.025
1480,0.025
1490,0.025
1500,0.025
1510,0.025
1520,0.025
1530,0.025
1540,0.025
1550,0.025
1560,0.025
1570,0.025
1580,0.025
1590,0.025
1600,0.025
1610,0.025
1620,0.025
1630,0.025
1640,0.025
1650,0.025
1660,0.025
1670,0.025
1680,0.025
1690,0.025
1700,0.025
1710,0.025
1720,0.025
1730,0.025
1740,0.025
1750,0.025
1760,0.025
1770,0.025
1780,0.025
1790,0.025
1800,0.025
1810,0.025
1820,0.025
1830,0.025
1840,0.025
1850,0.025
1860,0.025
1870,0.025
1880,0.025
1890,0.025
1900,0.025
1910,0.025
1920,0.025
1930,0.025
1940,0.025
1950,0.025
1960,0.025
1970,0.025
1980,0.025
1990,0.025
2000,0.025
2010,0.025
2020,0.025
2030,0.025
2040,0.025
2050,0.025
2060,0.025
2070,0.025
2080,0.025
2090,0.025
2100,0.025
2110,0.025
2120,0.025
2130,0.025
2140,0.025
2150,0.025
2160,0.025
2170,0.025
2180,0.025
2190,0.025
2200,0.025
2210,0.025
2220,0.025
2230,0.025
2240,0.025
2250,0.025
2260,0.025
2270,0.025
2280,0.025
2290,0.025
2300,0.025
2310,0.025
2320,0.025
2330,0.025
2340,0.025
2350,0.025
2360,0.025
2370,0.025
2380,0.025
2390,0.025
2400,0.025
2410,0.025
2420,0.025
2430,0.025
2440,0.025
2450,0.025
2460,0.025
2470,0.025
2480,0.025
2490,0.025
2500,0.025
2510,0.025
2520,0.025
2530,0.025
2540,0.025
2550,0.025
2560,0.025
2570,0.025
2580,0.025
2590,0.025
2600,0.025
2610,0.025
2620,0.025
2630,0.025
2640,0.025
2650,0.025
2660,0.025
2670,0.025
2680,0.025
2690,0.025
2700,0.025
2710,0.025
2720,0.025
2730,0.025
2740,0.025
2750,0.025
2760,0.025
2770,0.025
2780,0.025
2790,0.025
2800,0.025
2810,0.025
2820,0.025
2830,0.025
2840,0.025
2850,0.025
2860,0.025
2870,0.025
2880,0.025
2890,0.025
2900,0.025
2910,0.025
440,0.021
450,0.02
450,0.021
460,0.019
460,0.02
460,0.021
470,0.017
470,0.018
470,0.019
470,0.02
470,0.021
480,0.018
480,0.019
480,0.02
480,0.021
490,0.017
490,0.018
490,0.019
490,0.02
490,0.021
500,0.016
500,0.017
500,0.018
500,0.019
500,0.02
500,0.021
510,0.016
510,0.017
510,0.018
510,0.019
510,0.02
510,0.021
520,0.015
520,0.016
520,0.017
520,0.018
520,0.019
520,0.02
520,0.021
530,0.015
530,0.016
530,0.017
530,0.018
530,0.019
530,0.02
530,0.021
540,0.015
540,0.016
540,0.018
540,0.019
540,0.02
540,0.021
550,0.013
550,0.014
550,0.015
550,0.016
550,0.017
550,0.018
550,0.019
550,0.02
550,0.021
560,0.013
560,0.014
560,0.015
560,0.016
560,0.017
560,0.018
560,0.019
560,0.02
560,0.021
570,0.014
570,0.015
570,0.016
570,0.017
570,0.018
570,0.019
570,0.02
570,0.021
580,0.014
580,0.015
580,0.016
580,0.017
580,0.018
580,0.019
580,0.02
580,0.021
590,0.014
590,0.015
590,0.016
590,0.017
590,0.018
590,0.019
590,0.02
590,0.021
600,0.013
600,0.014
600,0.015
600,0.016
600,0.017
600,0.018
600,0.019
600,0.02
600,0.021
610,0.013
610,0.014
610,0.015
610,0.016
610,0.017
610,0.018
610,0.019
610,0.02
610,0.021
620,0.012
620,0.013
620,0.014
620,0.015
620,0.016
620,0.017
620,0.018
620,0.019
620,0.02
620,0.021
630,0.013
630,0.014
630,0.015
630,0.016
630,0.017
630,0.018
630,0.019
630,0.02
630,0.021
640,0.013
640,0.014
640,0.015
640,0.016
640,0.017
640,0.018
640,0.019
640,0.02
640,0.021
650,0.012
650,0.013
650,0.014
650,0.015
650,0.016
650,0.017
650,0.018
650,0.019
650,0.02
650,0.021
660,0.012
660,0.013
660,0.014
660,0.015
660,0.016
660,0.017
660,0.018
660,0.019
660,0.02
660,0.021
670,0.012
670,0.013
670,0.014
670,0.015
670,0.016
670,0.017
670,0.018
670,0.019
670,0.02
670,0.021
680,0.012
680,0.013
680,0.014
680,0.015
680,0.016
680,0.017
680,0.018
680,0.019
680,0.02
680,0.021
690,0.012
690,0.013
690,0.014
690,0.015
690,0.016
690,0.017
690,0.018
690,0.019
690,0.02
690,0.021
700,0.013
700,0.014
700,0.015
700,0.016
700,0.017
700,0.018
700,0.019
700,0.02
700,0.021
710,0.012
710,0.013
710,0.014
710,0.015
710,0.016
710,0.017
710,0.018
710,0.019
710,0.02
710,0.021
720,0.012
720,0.013
720,0.014
720,0.015
720,0.016
720,0.017
720,0.018
720,0.019
720,0.02
720,0.021
730,0.011
730,0.012
730,0.013
730,0.014
730,0.015
730,0.016
730,0.017
730,0.018
730,0.019
730,0.02
730,0.021
740,0.011
740,0.012
740,0.013
740,0.014
740,0.015
740,0.016
740,0.017
740,0.018
740,0.019
740,0.02
740,0.021
750,0.011
750,0.012
750,0.013
750,0.014
750,0.015
750,0.016
750,0.017
750,0.018
750,0.019
750,0.02
750,0.021
760,0.011
760,0.012
760,0.013
760,0.014
760,0.015
760,0.016
760,0.017
760,0.018
760,0.019
760,0.02
760,0.021
770,0.012
770,0.013
770,0.014
770,0.015
770,0.016
770,0.017
770,0.018
770,0.019
770,0.02
770,0.021
780,0.011
780,0.012
780,0.013
780,0.014
780,0.015
780,0.016
780,0.017
780,0.018
780,0.019
780,0.02
780,0.021
790,0.012
790,0.013
790,0.014
790,0.015
790,0.016
790,0.017
790,0.018
790,0.019
790,0.02
790,0.021
800,0.011
800,0.012
800,0.013
800,0.014
800,0.015
800,0.016
800,0.017
800,0.018
800,0.019
800,0.02
800,0.021
810,0.011
810,0.012
810,0.013
810,0.014
810,0.015
810,0.016
810,0.017
810,0.018
810,0.019
810,0.02
810,0.021
820,0.009
820,0.011
820,0.012
820,0.013
820,0.014
820,0.015
820,0.016
820,0.017
820,0.018
820,0.019
820,0.02
820,0.021
830,0.011
830,0.012
830,0.013
830,0.014
830,0.015
830,0.016
830,0.017
830,0.018
830,0.019
830,0.02
830,0.021
840,0.011
840,0.012
840,0.013
840,0.014
840,0.015
840,0.016
840,0.017
840,0.018
840,0.019
840,0.02
840,0.021
850,0.011
850,0.012
850,0.013
850,0.014
850,0.015
850,0.016
850,0.017
850,0.018
850,0.019
850,0.02
850,0.021
860,0.011
860,0.012
860,0.013
860,0.014
860,0.015
860,0.016
860,0.017
860,0.018
860,0.019
860,0.02
860,0.021
870,0.011
870,0.012
870,0.013
870,0.014
870,0.015
870,0.016
870,0.017
870,0.018
870,0.019
870,0.02
870,0.021
880,0.011
880,0.012
880,0.013
880,0.014
880,0.015
880,0.016
880,0.017
880,0.018
880,0.019
880,0.02
880,0.021
890,0.011
890,0.012
890,0.013
890,0.014
890,0.015
890,0.016
890,0.017
890,0.018
890,0.019
890,0.02
890,0.021
900,0.011
900,0.012
900,0.013
900,0.014
900,0.015
900,0.016
900,0.017
900,0.018
900,0.019
900,0.02
900,0.021
910,0.011
910,0.012
910,0.013
910,0.014
910,0.015
910,0.016
910,0.017
910,0.018
910,0.019
910,0.02
910,0.021
920,0.011
920,0.012
920,0.013
920,0.014
920,0.015
920,0.016
920,0.017
920,0.018
920,0.019
920,0.02
920,0.021
930,0.011
930,0.012
930,0.013
930,0.014
930,0.015
930,0.016
930,0.017
930,0.018
930,0.019
930,0.02
930,0.021
940,0.011
940,0.012
940,0.013
940,0.014
940,0.015
940,0.016
940,0.017
940,0.018
940,0.019
940,0.02
940,0.021
950,0.009
950,0.011
950,0.012
950,0.013
950,0.014
950,0.015
950,0.016
950,0.017
950,0.018
950,0.019
950,0.02
950,0.021
960,0.011
960,0.012
960,0.013
960,0.014
960,0.015
960,0.016
960,0.017
960,0.018
960,0.019
960,0.02
960,0.021
970,0.011
970,0.012
970,0.013
970,0.014
970,0.015
970,0.016
970,0.017
970,0.018
970,0.019
970,0.02
970,0.021
980,0.011
980,0.012
980,0.013
980,0.014
980,0.015
980,0.016
980,0.017
980,0.018
980,0.019
980,0.02
980,0.021
990,0.011
990,0.012
990,0.013
990,0.014
990,0.015
990,0.016
990,0.017
990,0.018
990,0.019
990,0.02
990,0.021
1000,0.009
1000,0.011
1000,0.012
1000,0.013
1000,0.014
1000,0.015
1000,0.016
1000,0.017
1000,0.018
1000,0.019
1000,0.02
1000,0.021
1010,0.009
1010,0.011
1010,0.012
1010,0.013
1010,0.014
1010,0.015
1010,0.016
1010,0.017
1010,0.018
1010,0.019
1010,0.02
1010,0.021
1020,0.009
1020,0.011
1020,0.012
1020,0.013
1020,0.014
1020,0.015
1020,0.016
1020,0.017
1020,0.018
1020,0.019
1020,0.02
1020,0.021
1030,0.009
1030,0.011
1030,0.012
1030,0.013
1030,0.014
1030,0.015
1030,0.016
1030,0.017
1030,0.018
1030,0.019
1030,0.02
1030,0.021
1040,0.009
1040,0.011
1040,0.012
1040,0.013
1040,0.014
1040,0.015
1040,0.016
1040,0.017
1040,0.018
1040,0.019
1040,0.02
1040,0.021
1050,0.009
1050,0.011
1050,0.012
1050,0.013
1050,0.014
1050,0.015
1050,0.016
1050,0.017
1050,0.018
1050,0.019
1050,0.02
1050,0.021
1060,0.009
1060,0.011
1060,0.012
1060,0.013
1060,0.014
1060,0.015
1060,0.016
1060,0.017
1060,0.018
1060,0.019
1060,0.02
1060,0.021
1070,0.008
1070,0.009
1070,0.011
1070,0.012
1070,0.013
1070,0.014
1070,0.015
1070,0.016
1070,0.017
1070,0.018
1070,0.019
1070,0.02
1070,0.021
1080,0.009
1080,0.011
1080,0.012
1080,0.013
1080,0.014
1080,0.015
1080,0.016
1080,0.017
1080,0.018
1080,0.019
1080,0.02
1080,0.021
1090,0.009
1090,0.011
1090,0.012
1090,0.013
1090,0.014
1090,0.015
1090,0.016
1090,0.017
1090,0.018
1090,0.019
1090,0.02
1090,0.021
1100,0.009
1100,0.011
1100,0.012
1100,0.013
1100,0.014
1100,0.015
1100,0.016
1100,0.017
1100,0.018
1100,0.019
1100,0.02
1100,0.021
1110,0.009
1110,0.011
1110,0.012
1110,0.013
1110,0.014
1110,0.015
1110,0.016
1110,0.017
1110,0.018
1110,0.019
1110,0.02
1110,0.021
1120,0.009
1120,0.011
1120,0.012
1120,0.013
1120,0.014
1120,0.015
1120,0.016
1120,0.017
1120,0.018
1120,0.019
1120,0.02
1120,0.021
1130,0.009
1130,0.011
1130,0.012
1130,0.013
1130,0.014
1130,0.015
1130,0.016
1130,0.017
1130,0.018
1130,0.019
1130,0.02
1130,0.021
1140,0.009
1140,0.011
1140,0.012
1140,0.013
1140,0.014
1140,0.015
1140,0.016
1140,0.017
1140,0.018
1140,0.019
1140,0.02
1140,0.021
1150,0.009
1150,0.011
1150,0.012
1150,0.013
1150,0.014
1150,0.015
1150,0.016
1150,0.017
1150,0.018
1150,0.019
1150,0.02
1150,0.021
1160,0.009
1160,0.011
1160,0.012
1160,0.013
1160,0.014
1160,0.015
1160,0.016
1160,0.017
1160,0.018
1160,0.019
1160,0.02
1160,0.021
1170,0.008
1170,0.009
1170,0.011
1170,0.012
1170,0.013
1170,0.014
1170,0.015
1170,0.016
1170,0.017
1170,0.018
1170,0.019
1170,0.02
1170,0.021
1180,0.009
1180,0.011
1180,0.012
1180,0.013
1180,0.014
1180,0.015
1180,0.016
1180,0.017
1180,0.018
1180,0.019
1180,0.02
1180,0.021
1190,0.009
1190,0.011
1190,0.012
1190,0.013
1190,0.014
1190,0.015
1190,0.016
1190,0.017
1190,0.018
1190,0.019
1190,0.02
1190,0.021
1200,0.009
1200,0.011
1200,0.012
1200,0.013
1200,0.014
1200,0.015
1200,0.016
1200,0.017
1200,0.018
1200,0.019
1200,0.02
1200,0.021
1210,0.009
1210,0.011
1210,0.012
1210,0.013
1210,0.014
1210,0.015
1210,0.016
1210,0.017
1210,0.018
1210,0.019
1210,0.02
1210,0.021
1220,0.009
1220,0.011
1220,0.012
1220,0.013
1220,0.014
1220,0.015
1220,0.016
1220,0.017
1220,0.018
1220,0.019
1220,0.02
1220,0.021
1230,0.009
1230,0.011
1230,0.012
1230,0.013
1230,0.014
1230,0.015
1230,0.016
1230,0.017
1230,0.018
1230,0.019
1230,0.02
1230,0.021
1240,0.009
1240,0.011
1240,0.012
1240,0.013
1240,0.014
1240,0.015
1240,0.016
1240,0.017
1240,0.018
1240,0.019
1240,0.02
1240,0.021
1250,0.009
1250,0.011
1250,0.012
1250,0.013
1250,0.014
1250,0.015
1250,0.016
1250,0.017
1250,0.018
1250,0.019
1250,0.02
1250,0.021
1260,0.009
1260,0.011
1260,0.012
1260,0.013
1260,0.014
1260,0.015
1260,0.016
1260,0.017
1260,0.018
1260,0.019
1260,0.02
1260,0.021
1270,0.008
1270,0.009
1270,0.011
1270,0.012
1270,0.013
1270,0.014
1270,0.015
1270,0.016
1270,0.017
1270,0.018
1270,0.019
1270,0.02
1270,0.021
1280,0.009
1280,0.011
1280,0.012
1280,0.013
1280,0.014
1280,0.015
1280,0.016
1280,0.017
1280,0.018
1280,0.019
1280,0.02
1280,0.021
1290,0.009
1290,0.011
1290,0.012
1290,0.013
1290,0.014
1290,0.015
1290,0.016
1290,0.017
1290,0.018
1290,0.019
1290,0.02
1290,0.021
1300,0.009
1300,0.011
1300,0.012
1300,0.013
1300,0.014
1300,0.015
1300,0.016
1300,0.017
1300,0.018
1300,0.019
1300,0.02
1300,0.021
1310,0.008
1310,0.009
1310,0.011
1310,0.012
1310,0.013
1310,0.014
1310,0.015
1310,0.016
1310,0.017
1310,0.018
1310,0.019
1310,0.02
1310,0.021
1320,0.009
1320,0.011
1320,0.012
1320,0.013
1320,0.014
1320,0.015
1320,0.016
1320,0.017
1320,0.018
1320,0.019
1320,0.02
1320,0.021
1330,0.008
1330,0.009
1330,0.011
1330,0.012
1330,0.013
1330,0.014
1330,0.015
1330,0.016
1330,0.017
1330,0.018
1330,0.019
1330,0.02
1330,0.021
1340,0.008
1340,0.009
1340,0.011
1340,0.012
1340,0.013
1340,0.014
1340,0.015
1340,0.016
1340,0.017
1340,0.018
1340,0.019
1340,0.02
1340,0.021
1350,0.008
1350,0.009
1350,0.011
1350,0.012
1350,0.013
1350,0.014
1350,0.015
1350,0.016
1350,0.017
1350,0.018
1350,0.019
1350,0.02
1350,0.021
1360,0.009
1360,0.011
1360,0.012
1360,0.013
1360,0.014
1360,0.015
1360,0.016
1360,0.017
1360,0.018
1360,0.019
1360,0.02
1360,0.021
1370,0.008
1370,0.009
1370,0.011
1370,0.012
1370,0.013
1370,0.014
1370,0.015
1370,0.016
1370,0.017
1370,0.018
1370,0.019
1370,0.02
1370,0.021
1380,0.008
1380,0.009
1380,0.011
1380,0.012
1380,0.013
1380,0.014
1380,0.015
1380,0.016
1380,0.017
1380,0.018
1380,0.019
1380,0.02
1380,0.021
1390,0.008
1390,0.009
1390,0.011
1390,0.012
1390,0.013
1390,0.014
1390,0.015
1390,0.016
1390,0.017
1390,0.018
1390,0.019
1390,0.02
1390,0.021
1400,0.008
1400,0.009
1400,0.011
1400,0.012
1400,0.013
1400,0.014
1400,0.015
1400,0.016
1400,0.017
1400,0.018
1400,0.019
1400,0.02
1400,0.021
1410,0.008
1410,0.009
1410,0.011
1410,0.012
1410,0.013
1410,0.014
1410,0.015
1410,0.016
1410,0.017
1410,0.018
1410,0.019
1410,0.02
1410,0.021
1420,0.008
1420,0.009
1420,0.011
1420,0.012
1420,0.013
1420,0.014
1420,0.015
1420,0.016
1420,0.017
1420,0.018
1420,0.019
1420,0.02
1420,0.021
1430,0.008
1430,0.009
1430,0.011
1430,0.012
1430,0.013
1430,0.014
1430,0.015
1430,0.016
1430,0.017
1430,0.018
1430,0.019
1430,0.02
1430,0.021
1440,0.008
1440,0.009
1440,0.011
1440,0.012
1440,0.013
1440,0.014
1440,0.015
1440,0.016
1440,0.017
1440,0.018
1440,0.019
1440,0.02
1440,0.021
1450,0.008
1450,0.009
1450,0.011
1450,0.012
1450,0.013
1450,0.014
1450,0.015
1450,0.016
1450,0.017
1450,0.018
1450,0.019
1450,0.02
1450,0.021
1460,0.008
1460,0.009
1460,0.011
1460,0.012
1460,0.013
1460,0.014
1460,0.015
1460,0.016
1460,0.017
1460,0.018
1460,0.019
1460,0.02
1460,0.021
1470,0.008
1470,0.009
1470,0.011
1470,0.012
1470,0.013
1470,0.014
1470,0.015
1470,0.016
1470,0.017
1470,0.018
1470,0.019
1470,0.02
1470,0.021
1480,0.008
1480,0.009
1480,0.011
1480,0.012
1480,0.013
1480,0.014
1480,0.015
1480,0.016
1480,0.017
1480,0.018
1480,0.019
1480,0.02
1480,0.021
1490,0.008
1490,0.009
1490,0.011
1490,0.012
1490,0.013
1490,0.014
1490,0.015
1490,0.016
1490,0.017
1490,0.018
1490,0.019
1490,0.02
1490,0.021
1500,0.008
1500,0.009
1500,0.011
1500,0.012
1500,0.013
1500,0.014
1500,0.015
1500,0.016
1500,0.017
1500,0.018
1500,0.019
1500,0.02
1500,0.021
1510,0.009
1510,0.011
1510,0.012
1510,0.013
1510,0.014
1510,0.015
1510,0.016
1510,0.017
1510,0.018
1510,0.019
1510,0.02
1510,0.021
1520,0.007
1520,0.008
1520,0.009
1520,0.011
1520,0.012
1520,0.013
1520,0.014
1520,0.015
1520,0.016
1520,0.017
1520,0.018
1520,0.019
1520,0.02
1520,0.021
1530,0.008
1530,0.009
1530,0.011
1530,0.012
1530,0.013
1530,0.014
1530,0.015
1530,0.016
1530,0.017
1530,0.018
1530,0.019
1530,0.02
1530,0.021
1540,0.009
1540,0.011
1540,0.012
1540,0.013
1540,0.014
1540,0.015
1540,0.016
1540,0.017
1540,0.018
1540,0.019
1540,0.02
1540,0.021
1550,0.008
1550,0.009
1550,0.011
1550,0.012
1550,0.013
1550,0.014
1550,0.015
1550,0.016
1550,0.017
1550,0.018
1550,0.019
1550,0.02
1550,0.021
1560,0.008
1560,0.009
1560,0.011
1560,0.012
1560,0.013
1560,0.014
1560,0.015
1560,0.016
1560,0.017
1560,0.018
1560,0.019
1560,0.02
1560,0.021
1570,0.008
1570,0.009
1570,0.011
1570,0.012
1570,0.013
1570,0.014
1570,0.015
1570,0.016
1570,0.017
1570,0.018
1570,0.019
1570,0.02
1570,0.021
1580,0.008
1580,0.009
1580,0.011
1580,0.012
1580,0.013
1580,0.014
1580,0.015
1580,0.016
1580,0.017
1580,0.018
1580,0.019
1580,0.02
1580,0.021
1590,0.008
1590,0.009
1590,0.011
1590,0.012
1590,0.013
1590,0.014
1590,0.015
1590,0.016
1590,0.017
1590,0.018
1590,0.019
1590,0.02
1590,0.021
1600,0.008
1600,0.009
1600,0.011
1600,0.012
1600,0.013
1600,0.014
1600,0.015
1600,0.016
1600,0.017
1600,0.018
1600,0.019
1600,0.02
1600,0.021
1610,0.008
1610,0.009
1610,0.011
1610,0.012
1610,0.013
1610,0.014
1610,0.015
1610,0.016
1610,0.017
1610,0.018
1610,0.019
1610,0.02
1610,0.021
1620,0.007
1620,0.008
1620,0.009
1620,0.011
1620,0.012
1620,0.013
1620,0.014
1620,0.015
1620,0.016
1620,0.017
1620,0.018
1620,0.019
1620,0.02
1620,0.021
1630,0.009
1630,0.011
1630,0.012
1630,0.013
1630,0.014
1630,0.015
1630,0.016
1630,0.017
1630,0.018
1630,0.019
1630,0.02
1630,0.021
1640,0.008
1640,0.009
1640,0.011
1640,0.012
1640,0.013
1640,0.014
1640,0.015
1640,0.016
1640,0.017
1640,0.018
1640,0.019
1640,0.02
1640,0.021
1650,0.008
1650,0.009
1650,0.011
1650,0.012
1650,0.013
1650,0.014
1650,0.015
1650,0.016
1650,0.017
1650,0.018
1650,0.019
1650,0.02
1650,0.021
1660,0.009
1660,0.011
1660,0.012
1660,0.013
1660,0.014
1660,0.015
1660,0.016
1660,0.017
1660,0.018
1660,0.019
1660,0.02
1660,0.021
1670,0.008
1670,0.009
1670,0.011
1670,0.012
1670,0.013
1670,0.014
1670,0.015
1670,0.016
1670,0.017
1670,0.018
1670,0.019
1670,0.02
1670,0.021
1680,0.008
1680,0.009
1680,0.011
1680,0.012
1680,0.013
1680,0.014
1680,0.015
1680,0.016
1680,0.017
1680,0.018
1680,0.019
1680,0.02
1680,0.021
1690,0.007
1690,0.008
1690,0.009
1690,0.011
1690,0.012
1690,0.013
1690,0.014
1690,0.015
1690,0.016
1690,0.017
1690,0.018
1690,0.019
1690,0.02
1690,0.021
1700,0.008
1700,0.009
1700,0.011
1700,0.012
1700,0.013
1700,0.014
1700,0.015
1700,0.016
1700,0.017
1700,0.018
1700,0.019
1700,0.02
1700,0.021
1710,0.008
1710,0.009
1710,0.011
1710,0.012
1710,0.013
1710,0.014
1710,0.015
1710,0.016
1710,0.017
1710,0.018
1710,0.019
1710,0.02
1710,0.021
1720,0.008
1720,0.009
1720,0.011
1720,0.012
1720,0.013
1720,0.014
1720,0.015
1720,0.016
1720,0.017
1720,0.018
1720,0.019
1720,0.02
1720,0.021
1730,0.008
1730,0.009
1730,0.011
1730,0.012
1730,0.013
1730,0.014
1730,0.015
1730,0.016
1730,0.017
1730,0.018
1730,0.019
1730,0.02
1730,0.021
1740,0.008
1740,0.009
1740,0.011
1740,0.012
1740,0.013
1740,0.014
1740,0.015
1740,0.016
1740,0.017
1740,0.018
1740,0.019
1740,0.02
1740,0.021
1750,0.007
1750,0.008
1750,0.009
1750,0.011
1750,0.012
1750,0.013
1750,0.014
1750,0.015
1750,0.016
1750,0.017
1750,0.018
1750,0.019
1750,0.02
1750,0.021
1760,0.008
1760,0.009
1760,0.011
1760,0.012
1760,0.013
1760,0.014
1760,0.015
1760,0.016
1760,0.017
1760,0.018
1760,0.019
1760,0.02
1760,0.021
1770,0.008
1770,0.009
1770,0.011
1770,0.012
1770,0.013
1770,0.014
1770,0.015
1770,0.016
1770,0.017
1770,0.018
1770,0.019
1770,0.02
1770,0.021
1780,0.008
1780,0.009
1780,0.011
1780,0.012
1780,0.013
1780,0.014
1780,0.015
1780,0.016
1780,0.017
1780,0.018
1780,0.019
1780,0.02
1780,0.021
1790,0.008
1790,0.009
1790,0.011
1790,0.012
1790,0.013
1790,0.014
1790,0.015
1790,0.016
1790,0.017
1790,0.018
1790,0.019
1790,0.02
1790,0.021
1800,0.008
1800,0.009
1800,0.011
1800,0.012
1800,0.013
1800,0.014
1800,0.015
1800,0.016
1800,0.017
1800,0.018
1800,0.019
1800,0.02
1800,0.021
1810,0.008
1810,0.009
1810,0.011
1810,0.012
1810,0.013
1810,0.014
1810,0.015
1810,0.016
1810,0.017
1810,0.018
1810,0.019
1810,0.02
1810,0.021
1820,0.008
1820,0.009
1820,0.011
1820,0.012
1820,0.013
1820,0.014
1820,0.015
1820,0.016
1820,0.017
1820,0.018
1820,0.019
1820,0.02
1820,0.021
1830,0.008
1830,0.009
1830,0.011
1830,0.012
1830,0.013
1830,0.014
1830,0.015
1830,0.016
1830,0.017
1830,0.018
1830,0.019
1830,0.02
1830,0.021
1840,0.008
1840,0.009
1840,0.011
1840,0.012
1840,0.013
1840,0.014
1840,0.015
1840,0.016
1840,0.017
1840,0.018
1840,0.019
1840,0.02
1840,0.021
1850,0.008
1850,0.009
1850,0.011
1850,0.012
1850,0.013
1850,0.014
1850,0.015
1850,0.016
1850,0.017
1850,0.018
1850,0.019
1850,0.02
1850,0.021
1860,0.008
1860,0.009
1860,0.011
1860,0.012
1860,0.013
1860,0.014
1860,0.015
1860,0.016
1860,0.017
1860,0.018
1860,0.019
1860,0.02
1860,0.021
1870,0.008
1870,0.009
1870,0.011
1870,0.012
1870,0.013
1870,0.014
1870,0.015
1870,0.016
1870,0.017
1870,0.018
1870,0.019
1870,0.02
1870,0.021
1880,0.008
1880,0.009
1880,0.011
1880,0.012
1880,0.013
1880,0.014
1880,0.015
1880,0.016
1880,0.017
1880,0.018
1880,0.019
1880,0.02
1880,0.021
1890,0.008
1890,0.009
1890,0.011
1890,0.012
1890,0.013
1890,0.014
1890,0.015
1890,0.016
1890,0.017
1890,0.018
1890,0.019
1890,0.02
1890,0.021
1900,0.008
1900,0.009
1900,0.011
1900,0.012
1900,0.013
1900,0.014
1900,0.015
1900,0.016
1900,0.017
1900,0.018
1900,0.019
1900,0.02
1900,0.021
1910,0.008
1910,0.009
1910,0.011
1910,0.012
1910,0.013
1910,0.014
1910,0.015
1910,0.016
1910,0.017
1910,0.018
1910,0.019
1910,0.02
1910,0.021
1920,0.008
1920,0.009
1920,0.011
1920,0.012
1920,0.013
1920,0.014
1920,0.015
1920,0.016
1920,0.017
1920,0.018
1920,0.019
1920,0.02
1920,0.021
1930,0.007
1930,0.008
1930,0.009
1930,0.011
1930,0.012
1930,0.013
1930,0.014
1930,0.015
1930,0.016
1930,0.017
1930,0.018
1930,0.019
1930,0.02
1930,0.021
1940,0.007
1940,0.008
1940,0.009
1940,0.011
1940,0.012
1940,0.013
1940,0.014
1940,0.015
1940,0.016
1940,0.017
1940,0.018
1940,0.019
1940,0.02
1940,0.021
1950,0.008
1950,0.009
1950,0.011
1950,0.012
1950,0.013
1950,0.014
1950,0.015
1950,0.016
1950,0.017
1950,0.018
1950,0.019
1950,0.02
1950,0.021
1960,0.008
1960,0.009
1960,0.011
1960,0.012
1960,0.013
1960,0.014
1960,0.015
1960,0.016
1960,0.017
1960,0.018
1960,0.019
1960,0.02
1960,0.021
1970,0.008
1970,0.009
1970,0.011
1970,0.012
1970,0.013
1970,0.014
1970,0.015
1970,0.016
1970,0.017
1970,0.018
1970,0.019
1970,0.02
1970,0.021
1980,0.008
1980,0.009
1980,0.011
1980,0.012
1980,0.013
1980,0.014
1980,0.015
1980,0.016
1980,0.017
1980,0.018
1980,0.019
1980,0.02
1980,0.021
1990,0.008
1990,0.009
1990,0.011
1990,0.012
1990,0.013
1990,0.014
1990,0.015
1990,0.016
1990,0.017
1990,0.018
1990,0.019
1990,0.02
1990,0.021
2000,0.008
2000,0.009
2000,0.011
2000,0.012
2000,0.013
2000,0.014
2000,0.015
2000,0.016
2000,0.017
2000,0.018
2000,0.019
2000,0.02
2000,0.021
2010,0.008
2010,0.009
2010,0.011
2010,0.012
2010,0.013
2010,0.014
2010,0.015
2010,0.016
2010,0.017
2010,0.018
2010,0.019
2010,0.02
2010,0.021
2020,0.008
2020,0.009
2020,0.011
2020,0.012
2020,0.013
2020,0.014
2020,0.015
2020,0.016
2020,0.017
2020,0.018
2020,0.019
2020,0.02
2020,0.021
2030,0.007
2030,0.008
2030,0.009
2030,0.011
2030,0.012
2030,0.013
2030,0.014
2030,0.015
2030,0.016
2030,0.017
2030,0.018
2030,0.019
2030,0.02
2030,0.021
2040,0.008
2040,0.009
2040,0.011
2040,0.012
2040,0.013
2040,0.014
2040,0.015
2040,0.016
2040,0.017
2040,0.018
2040,0.019
2040,0.02
2040,0.021
2050,0.007
2050,0.008
2050,0.009
2050,0.011
2050,0.012
2050,0.013
2050,0.014
2050,0.015
2050,0.016
2050,0.017
2050,0.018
2050,0.019
2050,0.02
2050,0.021
2060,0.008
2060,0.009
2060,0.011
2060,0.012
2060,0.013
2060,0.014
2060,0.015
2060,0.016
2060,0.017
2060,0.018
2060,0.019
2060,0.02
2060,0.021
2070,0.008
2070,0.009
2070,0.011
2070,0.012
2070,0.013
2070,0.014
2070,0.015
2070,0.016
2070,0.017
2070,0.018
2070,0.019
2070,0.02
2070,0.021
2080,0.008
2080,0.009
2080,0.011
2080,0.012
2080,0.013
2080,0.014
2080,0.015
2080,0.016
2080,0.017
2080,0.018
2080,0.019
2080,0.02
2080,0.021
2090,0.007
2090,0.008
2090,0.009
2090,0.011
2090,0.012
2090,0.013
2090,0.014
2090,0.015
2090,0.016
2090,0.017
2090,0.018
2090,0.019
2090,0.02
2090,0.021
2100,0.008
2100,0.009
2100,0.011
2100,0.012
2100,0.013
2100,0.014
2100,0.015
2100,0.016
2100,0.017
2100,0.018
2100,0.019
2100,0.02
2100,0.021
2110,0.007
2110,0.008
2110,0.009
2110,0.011
2110,0.012
2110,0.013
2110,0.014
2110,0.015
2110,0.016
2110,0.017
2110,0.018
2110,0.019
2110,0.02
2110,0.021
2120,0.007
2120,0.008
2120,0.009
2120,0.011
2120,0.012
2120,0.013
2120,0.014
2120,0.015
2120,0.016
2120,0.017
2120,0.018
2120,0.019
2120,0.02
2120,0.021
2130,0.008
2130,0.009
2130,0.011
2130,0.012
2130,0.013
2130,0.014
2130,0.015
2130,0.016
2130,0.017
2130,0.018
2130,0.019
2130,0.02
2130,0.021
2140,0.008
2140,0.009
2140,0.011
2140,0.012
2140,0.013
2140,0.014
2140,0.015
2140,0.016
2140,0.017
2140,0.018
2140,0.019
2140,0.02
2140,0.021
2150,0.008
2150,0.009
2150,0.011
2150,0.012
2150,0.013
2150,0.014
2150,0.015
2150,0.016
2150,0.017
2150,0.018
2150,0.019
2150,0.02
2150,0.021
2160,0.007
2160,0.008
2160,0.009
2160,0.011
2160,0.012
2160,0.013
2160,0.014
2160,0.015
2160,0.016
2160,0.017
2160,0.018
2160,0.019
2160,0.02
2160,0.021
2170,0.008
2170,0.009
2170,0.011
2170,0.012
2170,0.013
2170,0.014
2170,0.015
2170,0.016
2170,0.017
2170,0.018
2170,0.019
2170,0.02
2170,0.021
2180,0.008
2180,0.009
2180,0.011
2180,0.012
2180,0.013
2180,0.014
2180,0.015
2180,0.016
2180,0.017
2180,0.018
2180,0.019
2180,0.02
2180,0.021
2190,0.008
2190,0.009
2190,0.011
2190,0.012
2190,0.013
2190,0.014
2190,0.015
2190,0.016
2190,0.017
2190,0.018
2190,0.019
2190,0.02
2190,0.021
2200,0.008
2200,0.009
2200,0.011
2200,0.012
2200,0.013
2200,0.014
2200,0.015
2200,0.016
2200,0.017
2200,0.018
2200,0.019
2200,0.02
2200,0.021
2210,0.008
2210,0.009
2210,0.011
2210,0.012
2210,0.013
2210,0.014
2210,0.015
2210,0.016
2210,0.017
2210,0.018
2210,0.019
2210,0.02
2210,0.021
2220,0.007
2220,0.008
2220,0.009
2220,0.011
2220,0.012
2220,0.013
2220,0.014
2220,0.015
2220,0.016
2220,0.017
2220,0.018
2220,0.019
2220,0.02
2220,0.021
2230,0.008
2230,0.009
2230,0.011
2230,0.012
2230,0.013
2230,0.014
2230,0.015
2230,0.016
2230,0.017
2230,0.018
2230,0.019
2230,0.02
2230,0.021
2240,0.008
2240,0.009
2240,0.011
2240,0.012
2240,0.013
2240,0.014
2240,0.015
2240,0.016
2240,0.017
2240,0.018
2240,0.019
2240,0.02
2240,0.021
2250,0.007
2250,0.008
2250,0.009
2250,0.011
2250,0.012
2250,0.013
2250,0.014
2250,0.015
2250,0.016
2250,0.017
2250,0.018
2250,0.019
2250,0.02
2250,0.021
2260,0.008
2260,0.009
2260,0.011
2260,0.012
2260,0.013
2260,0.014
2260,0.015
2260,0.016
2260,0.017
2260,0.018
2260,0.019
2260,0.02
2260,0.021
2270,0.008
2270,0.009
2270,0.011
2270,0.012
2270,0.013
2270,0.014
2270,0.015
2270,0.016
2270,0.017
2270,0.018
2270,0.019
2270,0.02
2270,0.021
2280,0.008
2280,0.009
2280,0.011
2280,0.012
2280,0.013
2280,0.014
2280,0.015
2280,0.016
2280,0.017
2280,0.018
2280,0.019
2280,0.02
2280,0.021
2290,0.007
2290,0.008
2290,0.009
2290,0.011
2290,0.012
2290,0.013
2290,0.014
2290,0.015
2290,0.016
2290,0.017
2290,0.018
2290,0.019
2290,0.02
2290,0.021
2300,0.007
2300,0.008
2300,0.009
2300,0.011
2300,0.012
2300,0.013
2300,0.014
2300,0.015
2300,0.016
2300,0.017
2300,0.018
2300,0.019
2300,0.02
2300,0.021
2310,0.007
2310,0.008
2310,0.009
2310,0.011
2310,0.012
2310,0.013
2310,0.014
2310,0.015
2310,0.016
2310,0.017
2310,0.018
2310,0.019
2310,0.02
2310,0.021
2320,0.007
2320,0.008
2320,0.009
2320,0.011
2320,0.012
2320,0.013
2320,0.014
2320,0.015
2320,0.016
2320,0.017
2320,0.018
2320,0.019
2320,0.02
2320,0.021
2330,0.007
2330,0.008
2330,0.009
2330,0.011
2330,0.012
2330,0.013
2330,0.014
2330,0.015
2330,0.016
2330,0.017
2330,0.018
2330,0.019
2330,0.02
2330,0.021
2340,0.007
2340,0.008
2340,0.009
2340,0.011
2340,0.012
2340,0.013
2340,0.014
2340,0.015
2340,0.016
2340,0.017
2340,0.018
2340,0.019
2340,0.02
2340,0.021
2350,0.007
2350,0.008
2350,0.009
2350,0.011
2350,0.012
2350,0.013
2350,0.014
2350,0.015
2350,0.016
2350,0.017
2350,0.018
2350,0.019
2350,0.02
2350,0.021
2360,0.007
2360,0.008
2360,0.009
2360,0.011
2360,0.012
2360,0.013
2360,0.014
2360,0.015
2360,0.016
2360,0.017
2360,0.018
2360,0.019
2360,0.02
2360,0.021
2370,0.007
2370,0.008
2370,0.009
2370,0.011
2370,0.012
2370,0.013
2370,0.014
2370,0.015
2370,0.016
2370,0.017
2370,0.018
2370,0.019
2370,0.02
2370,0.021
2380,0.007
2380,0.008
2380,0.009
2380,0.011
2380,0.012
2380,0.013
2380,0.014
2380,0.015
2380,0.016
2380,0.017
2380,0.018
2380,0.019
2380,0.02
2380,0.021
2390,0.007
2390,0.008
2390,0.009
2390,0.011
2390,0.012
2390,0.013
2390,0.014
2390,0.015
2390,0.016
2390,0.017
2390,0.018
2390,0.019
2390,0.02
2390,0.021
2400,0.008
2400,0.009
2400,0.011
2400,0.012
2400,0.013
2400,0.014
2400,0.015
2400,0.016
2400,0.017
2400,0.018
2400,0.019
2400,0.02
2400,0.021
2410,0.007
2410,0.008
2410,0.009
2410,0.011
2410,0.012
2410,0.013
2410,0.014
2410,0.015
2410,0.016
2410,0.017
2410,0.018
2410,0.019
2410,0.02
2410,0.021
2420,0.007
2420,0.008
2420,0.009
2420,0.011
2420,0.012
2420,0.013
2420,0.014
2420,0.015
2420,0.016
2420,0.017
2420,0.018
2420,0.019
2420,0.02
2420,0.021
2430,0.008
2430,0.009
2430,0.011
2430,0.012
2430,0.013
2430,0.014
2430,0.015
2430,0.016
2430,0.017
2430,0.018
2430,0.019
2430,0.02
2430,0.021
2440,0.008
2440,0.009
2440,0.011
2440,0.012
2440,0.013
2440,0.014
2440,0.015
2440,0.016
2440,0.017
2440,0.018
2440,0.019
2440,0.02
2440,0.021
2450,0.007
2450,0.008
2450,0.009
2450,0.011
2450,0.012
2450,0.013
2450,0.014
2450,0.015
2450,0.016
2450,0.017
2450,0.018
2450,0.019
2450,0.02
2450,0.021
2460,0.007
2460,0.008
2460,0.009
2460,0.011
2460,0.012
2460,0.013
2460,0.014
2460,0.015
2460,0.016
2460,0.017
2460,0.018
2460,0.019
2460,0.02
2460,0.021
2470,0.008
2470,0.009
2470,0.011
2470,0.012
2470,0.013
2470,0.014
2470,0.015
2470,0.016
2470,0.017
2470,0.018
2470,0.019
2470,0.02
2470,0.021
2480,0.007
2480,0.008
2480,0.009
2480,0.011
2480,0.012
2480,0.013
2480,0.014
2480,0.015
2480,0.016
2480,0.017
2480,0.018
2480,0.019
2480,0.02
2480,0.021
2490,0.007
2490,0.008
2490,0.009
2490,0.011
2490,0.012
2490,0.013
2490,0.014
2490,0.015
2490,0.016
2490,0.017
2490,0.018
2490,0.019
2490,0.02
2490,0.021
2500,0.007
2500,0.008
2500,0.009
2500,0.011
2500,0.012
2500,0.013
2500,0.014
2500,0.015
2500,0.016
2500,0.017
2500,0.018
2500,0.019
2500,0.02
2500,0.021
2510,0.007
2510,0.008
2510,0.009
2510,0.011
2510,0.012
2510,0.013
2510,0.014
2510,0.015
2510,0.016
2510,0.017
2510,0.018
2510,0.019
2510,0.02
2510,0.021
2520,0.007
2520,0.008
2520,0.009
2520,0.011
2520,0.012
2520,0.013
2520,0.014
2520,0.015
2520,0.016
2520,0.017
2520,0.018
2520,0.019
2520,0.02
2520,0.021
2530,0.007
2530,0.008
2530,0.009
2530,0.011
2530,0.012
2530,0.013
2530,0.014
2530,0.015
2530,0.016
2530,0.017
2530,0.018
2530,0.019
2530,0.02
2530,0.021
2540,0.008
2540,0.009
2540,0.011
2540,0.012
2540,0.013
2540,0.014
2540,0.015
2540,0.016
2540,0.017
2540,0.018
2540,0.019
2540,0.02
2540,0.021
2550,0.007
2550,0.008
2550,0.009
2550,0.011
2550,0.012
2550,0.013
2550,0.014
2550,0.015
2550,0.016
2550,0.017
2550,0.018
2550,0.019
2550,0.02
2550,0.021
2560,0.007
2560,0.008
2560,0.009
2560,0.011
2560,0.012
2560,0.013
2560,0.014
2560,0.015
2560,0.016
2560,0.017
2560,0.018
2560,0.019
2560,0.02
2560,0.021
2570,0.008
2570,0.009
2570,0.011
2570,0.012
2570,0.013
2570,0.014
2570,0.015
2570,0.016
2570,0.017
2570,0.018
2570,0.019
2570,0.02
2570,0.021
2580,0.007
2580,0.008
2580,0.009
2580,0.011
2580,0.012
2580,0.013
2580,0.014
2580,0.015
2580,0.016
2580,0.017
2580,0.018
2580,0.019
2580,0.02
2580,0.021
2590,0.007
2590,0.008
2590,0.009
2590,0.011
2590,0.012
2590,0.013
2590,0.014
2590,0.015
2590,0.016
2590,0.017
2590,0.018
2590,0.019
2590,0.02
2590,0.021
2600,0.007
2600,0.008
2600,0.009
2600,0.011
2600,0.012
2600,0.013
2600,0.014
2600,0.015
2600,0.016
2600,0.017
2600,0.018
2600,0.019
2600,0.02
2600,0.021
2610,0.007
2610,0.008
2610,0.009
2610,0.011
2610,0.012
2610,0.013
2610,0.014
2610,0.015
2610,0.016
2610,0.017
2610,0.018
2610,0.019
2610,0.02
2610,0.021
2620,0.007
2620,0.008
2620,0.009
2620,0.011
2620,0.012
2620,0.013
2620,0.014
2620,0.015
2620,0.016
2620,0.017
2620,0.018
2620,0.019
2620,0.02
2620,0.021
2630,0.007
2630,0.008
2630,0.009
2630,0.011
2630,0.012
2630,0.013
2630,0.014
2630,0.015
2630,0.016
2630,0.017
2630,0.018
2630,0.019
2630,0.02
2630,0.021
2640,0.007
2640,0.008
2640,0.009
2640,0.011
2640,0.012
2640,0.013
2640,0.014
2640,0.015
2640,0.016
2640,0.017
2640,0.018
2640,0.019
2640,0.02
2640,0.021
2650,0.008
2650,0.009
2650,0.011
2650,0.012
2650,0.013
2650,0.014
2650,0.015
2650,0.016
2650,0.017
2650,0.018
2650,0.019
2650,0.02
2650,0.021
2660,0.007
2660,0.008
2660,0.009
2660,0.011
2660,0.012
2660,0.013
2660,0.014
2660,0.015
2660,0.016
2660,0.017
2660,0.018
2660,0.019
2660,0.02
2660,0.021
2670,0.007
2670,0.008
2670,0.009
2670,0.011
2670,0.012
2670,0.013
2670,0.014
2670,0.015
2670,0.016
2670,0.017
2670,0.018
2670,0.019
2670,0.02
2670,0.021
2680,0.007
2680,0.008
2680,0.009
2680,0.011
2680,0.012
2680,0.013
2680,0.014
2680,0.015
2680,0.016
2680,0.017
2680,0.018
2680,0.019
2680,0.02
2680,0.021
2690,0.007
2690,0.008
2690,0.009
2690,0.011
2690,0.012
2690,0.013
2690,0.014
2690,0.015
2690,0.016
2690,0.017
2690,0.018
2690,0.019
2690,0.02
2690,0.021
2700,0.007
2700,0.008
2700,0.009
2700,0.011
2700,0.012
2700,0.013
2700,0.014
2700,0.015
2700,0.016
2700,0.017
2700,0.018
2700,0.019
2700,0.02
2700,0.021
2710,0.007
2710,0.008
2710,0.009
2710,0.011
2710,0.012
2710,0.013
2710,0.014
2710,0.015
2710,0.016
2710,0.017
2710,0.018
2710,0.019
2710,0.02
2710,0.021
2720,0.007
2720,0.008
2720,0.009
2720,0.011
2720,0.012
2720,0.013
2720,0.014
2720,0.015
2720,0.016
2720,0.017
2720,0.018
2720,0.019
2720,0.02
2720,0.021
2730,0.007
2730,0.008
2730,0.009
2730,0.011
2730,0.012
2730,0.013
2730,0.014
2730,0.015
2730,0.016
2730,0.017
2730,0.018
2730,0.019
2730,0.02
2730,0.021
2740,0.007
2740,0.008
2740,0.009
2740,0.011
2740,0.012
2740,0.013
2740,0.014
2740,0.015
2740,0.016
2740,0.017
2740,0.018
2740,0.019
2740,0.02
2740,0.021
2750,0.007
2750,0.008
2750,0.009
2750,0.011
2750,0.012
2750,0.013
2750,0.014
2750,0.015
2750,0.016
2750,0.017
2750,0.018
2750,0.019
2750,0.02
2750,0.021
2760,0.007
2760,0.008
2760,0.009
2760,0.011
2760,0.012
2760,0.013
2760,0.014
2760,0.015
2760,0.016
2760,0.017
2760,0.018
2760,0.019
2760,0.02
2760,0.021
2770,0.007
2770,0.008
2770,0.009
2770,0.011
2770,0.012
2770,0.013
2770,0.014
2770,0.015
2770,0.016
2770,0.017
2770,0.018
2770,0.019
2770,0.02
2770,0.021
2780,0.007
2780,0.008
2780,0.009
2780,0.011
2780,0.012
2780,0.013
2780,0.014
2780,0.015
2780,0.016
2780,0.017
2780,0.018
2780,0.019
2780,0.02
2780,0.021
2790,0.007
2790,0.008
2790,0.009
2790,0.011
2790,0.012
2790,0.013
2790,0.014
2790,0.015
2790,0.016
2790,0.017
2790,0.018
2790,0.019
2790,0.02
2790,0.021
2800,0.007
2800,0.008
2800,0.009
2800,0.011
2800,0.012
2800,0.013
2800,0.014
2800,0.015
2800,0.016
2800,0.017
2800,0.018
2800,0.019
2800,0.02
2800,0.021
2810,0.007
2810,0.008
2810,0.009
2810,0.011
2810,0.012
2810,0.013
2810,0.014
2810,0.015
2810,0.016
2810,0.017
2810,0.018
2810,0.019
2810,0.02
2810,0.021
2820,0.007
2820,0.008
2820,0.009
2820,0.011
2820,0.012
2820,0.013
2820,0.014
2820,0.015
2820,0.016
2820,0.017
2820,0.018
2820,0.019
2820,0.02
2820,0.021
2830,0.008
2830,0.009
2830,0.011
2830,0.012
2830,0.013
2830,0.014
2830,0.015
2830,0.016
2830,0.017
2830,0.018
2830,0.019
2830,0.02
2830,0.021
2840,0.007
2840,0.008
2840,0.009
2840,0.011
2840,0.012
2840,0.013
2840,0.014
2840,0.015
2840,0.016
2840,0.017
2840,0.018
2840,0.019
2840,0.02
2840,0.021
2850,0.007
2850,0.008
2850,0.009
2850,0.011
2850,0.012
2850,0.013
2850,0.014
2850,0.015
2850,0.016
2850,0.017
2850,0.018
2850,0.019
2850,0.02
2850,0.021
2860,0.005
2860,0.007
2860,0.008
2860,0.009
2860,0.011
2860,0.012
2860,0.013
2860,0.014
2860,0.015
2860,0.016
2860,0.017
2860,0.018
2860,0.019
2860,0.02
2860,0.021
2870,0.007
2870,0.008
2870,0.009
2870,0.011
2870,0.012
2870,0.013
2870,0.014
2870,0.015
2870,0.016
2870,0.017
2870,0.018
2870,0.019
2870,0.02
2870,0.021
2880,0.007
2880,0.008
2880,0.009
2880,0.011
2880,0.012
2880,0.013
2880,0.014
2880,0.015
2880,0.016
2880,0.017
2880,0.018
2880,0.019
2880,0.02
2880,0.021
2890,0.008
2890,0.009
2890,0.011
2890,0.012
2890,0.013
2890,0.014
2890,0.015
2890,0.016
2890,0.017
2890,0.018
2890,0.019
2890,0.02
2890,0.021
2900,0.007
2900,0.008
2900,0.009
2900,0.011
2900,0.012
2900,0.013
2900,0.014
2900,0.015
2900,0.016
2900,0.017
2900,0.018
2900,0.019
2900,0.02
2900,0.021
2910,0.007
2910,0.008
2910,0.009
2910,0.011
2910,0.012
2910,0.013
2910,0.014
2910,0.015
2910,0.016
2910,0.017
2910,0.018
2910,0.019
2910,0.02
2910,0.021
2920,0.007
2920,0.008
2920,0.009
2920,0.011
2920,0.012
2920,0.013
2920,0.014
2920,0.015
2920,0.016
2920,0.017
2920,0.018
2920,0.019
2920,0.02
2920,0.021
2930,0.007
2930,0.008
2930,0.009
2930,0.011
2930,0.012
2930,0.013
2930,0.014
2930,0.015
2930,0.016
2930,0.017
2930,0.018
2930,0.019
2930,0.02
2930,0.021
2940,0.007
2940,0.008
2940,0.009
2940,0.011
2940,0.012
2940,0.013
2940,0.014
2940,0.015
2940,0.016
2940,0.017
2940,0.018
2940,0.019
2940,0.02
2940,0.021
2940,0.024
2950,0.007
2950,0.008
2950,0.009
2950,0.011
2950,0.012
2950,0.013
2950,0.014
2950,0.015
2950,0.016
2950,0.017
2950,0.018
2950,0.019
2950,0.02
2950,0.021
2960,0.007
2960,0.008
2960,0.009
2960,0.011
2960,0.012
2960,0.013
2960,0.014
2960,0.015
2960,0.016
2960,0.017
2960,0.018
2960,0.019
2960,0.02
2960,0.021
2960,0.023
2970,0.005
2970,0.007
2970,0.008
2970,0.009
2970,0.011
2970,0.012
2970,0.013
2970,0.014
2970,0.015
2970,0.016
2970,0.017
2970,0.018
2970,0.019
2970,0.02
2970,0.021
2980,0.007
2980,0.008
2980,0.009
2980,0.01
2980,0.011
2980,0.012
2980,0.013
2980,0.014
2980,0.015
2980,0.016
2980,0.017
2980,0.018
2980,0.019
2980,0.02
2980,0.021
2980,0.022
2990,0.005
2990,0.007
2990,0.008
2990,0.009
2990,0.01
2990,0.011
2990,0.012
2990,0.013
2990,0.014
2990,0.015
2990,0.016
2990,0.017
2990,0.018
2990,0.019
2990,0.02
2990,0.021
